$ 1 0.000005 10.20027730826997 50 5 50 5e-11
r 224 416 224 560 0 15000
c 256 416 256 560 4 0.0000049999999999999996 -1.6561518927232193 0.001 0.1
c 144 560 144 416 4 0.000003 1.2516433067763468 0.001 0.2
162 144 416 224 416 2 default-led 1 0 0 0.01
v 416 416 416 512 0 0 40 7 0 0 0.5
w 416 560 496 560 0
w 496 416 416 416 0
w 256 560 352 560 0
w 256 416 224 416 0
w 224 560 144 560 0
w 352 560 416 560 0
w 352 416 416 416 0
s 416 560 416 512 0 1 false
r 352 416 352 560 0 10000
162 256 416 352 416 2 default-led 1 0 0 0.01
w 224 560 256 560 0
c 64 416 64 560 4 0.0000049999999999999996 -1.2516410903043553 0.001 0
r 0 416 0 560 0 1000
162 0 416 64 416 2 default-led 1 0 0 0.01
w 0 560 64 560 0
w 64 416 144 416 0
w 64 560 144 560 0
r 496 416 496 560 0 10000
r 656 416 656 560 0 15000
r 896 416 896 560 0 1000
c 784 416 784 560 4 0.0000049999999999999996 -1.2516456487377476 0.001 0.1
c 576 560 576 416 4 0.0000049999999999999996 1.6561537471047236 0.001 0.1
c 720 416 720 560 4 0.000003 -1.2516460181597235 0.001 0.2
162 576 416 496 416 2 default-led 1 0 0 0.01
162 720 416 656 416 2 default-led 1 0 0 0.01
162 896 416 784 416 2 default-led 1 0 0 0.01
w 496 560 576 560 0
w 576 416 656 416 0
w 576 560 656 560 0
w 656 560 720 560 0
w 720 560 784 560 0
w 720 416 784 416 0
w 784 560 896 560 0
