$ 1 0.000005 10.20027730826997 50 5 50 5e-11
r 224 400 224 544 0 15000
c 256 400 256 560 4 0.0000049999999999999996 0.00029366410552619093 0.001 0.1
c 144 544 160 400 4 0.000003 -0.00025000084340329453 0.001 0.2
162 160 400 224 400 2 default-led 1 0 0 0.01
v 416 448 416 512 0 0 40 7 0 0 0.5
w 416 560 496 560 0
w 496 432 416 448 0
w 256 560 352 576 0
w 256 400 224 400 0
w 224 544 144 544 0
w 352 576 416 560 0
w 352 416 416 448 0
s 416 560 416 512 0 1 false
r 352 416 352 576 0 10000
162 256 400 352 416 2 default-led 1 0 0 0.01
w 224 544 256 560 0
c 64 432 64 560 4 0.0000049999999999999996 0.00025000084338836745 0.001 0
r 0 448 0 560 0 1000
162 0 448 64 432 2 default-led 1 0 0 0.01
w 0 560 64 560 0
w 64 432 160 400 0
w 64 560 144 544 0
r 496 432 496 560 0 10000
r 656 432 656 544 0 15000
r 896 432 896 528 0 1000
c 784 432 784 528 4 0.0000049999999999999996 0.0009999713206575737 0.001 0.1
c 576 560 576 432 4 0.0000049999999999999996 0.00029365121444912347 0.001 0.1
c 720 448 720 544 4 0.000003 0.000999971320685313 0.001 0.2
162 576 432 496 432 2 default-led 1 0 0 0.01
162 720 448 656 432 2 default-led 1 0 0 0.01
162 896 432 784 432 2 default-led 1 0 0 0.01
w 496 560 576 560 0
w 576 432 656 432 0
w 576 560 656 544 0
w 656 544 720 544 0
w 720 544 784 528 0
w 720 448 784 432 0
w 784 528 896 528 0
